0 6.20532 2.37037 0.00066539 1.000000e+00
1 5.915865e+00 1.842530e+00 7.781051e-03 1.000000e+00
2 6.251992e+00 2.303847e+00 2.157946e-02 1.000000e+00
3 6.083919e+00 2.225297e+00 4.049907e-03 1.000000e+00
4 6.548199e+00 2.126734e+00 -6.538854e-03 1.000000e+00
5 6.476933e+00 2.064043e+00 1.341690e-02 1.000000e+00
6 5.961158e+00 1.933265e+00 -1.982019e-02 1.000000e+00
7 5.440201e+00 2.008617e+00 8.363741e-04 1.000000e+00
8 5.973523e+00 2.109683e+00 -4.046889e-04 1.000000e+00
9 6.237960e+00 1.961251e+00 8.915153e-03 1.000000e+00
##
9 6.59063 2.2308 0.318618 2.507363e-04
9 6.301179e+00 1.702952e+00 3.257335e-01 2.507363e-04
9 6.637306e+00 2.164268e+00 3.395319e-01 2.507363e-04
3 6.315500e+00 2.347870e+00 3.171371e-01 9.537098e-06
9 6.933513e+00 1.987156e+00 3.114136e-01 2.507363e-04
3 6.708514e+00 2.186616e+00 3.265041e-01 9.537098e-06
9 6.346472e+00 1.793687e+00 2.981323e-01 2.507363e-04
9 5.825515e+00 1.869039e+00 3.187888e-01 2.507363e-04
9 6.358837e+00 1.970105e+00 3.175478e-01 2.507363e-04
9 6.623275e+00 1.821672e+00 3.268676e-01 2.507363e-04
##
9 6.93755 2.56241 0.31814 0.000000e+00
9 6.648098e+00 2.034569e+00 3.252561e-01 0.000000e+00
9 6.984225e+00 2.495886e+00 3.390545e-01 0.000000e+00
9 6.816152e+00 2.417336e+00 3.215249e-01 0.000000e+00
9 7.280432e+00 2.318774e+00 3.109362e-01 0.000000e+00
9 7.209166e+00 2.256082e+00 3.308919e-01 0.000000e+00
9 6.693391e+00 2.125304e+00 2.976548e-01 0.000000e+00
9 6.172434e+00 2.200656e+00 3.183114e-01 0.000000e+00
9 6.705756e+00 2.301722e+00 3.170703e-01 0.000000e+00
9 6.970193e+00 2.153290e+00 3.263902e-01 0.000000e+00
##
9 7.292 2.8966 0.319028 0.000000e+00
9 7.002541e+00 2.368754e+00 3.261438e-01 0.000000e+00
9 7.338669e+00 2.830071e+00 3.399422e-01 0.000000e+00
9 7.170596e+00 2.751521e+00 3.224127e-01 0.000000e+00
9 7.634876e+00 2.652959e+00 3.118239e-01 0.000000e+00
9 7.563609e+00 2.590267e+00 3.317797e-01 0.000000e+00
9 7.047834e+00 2.459489e+00 2.985426e-01 0.000000e+00
9 6.526877e+00 2.534841e+00 3.191992e-01 0.000000e+00
9 7.060199e+00 2.635907e+00 3.179581e-01 0.000000e+00
9 7.324637e+00 2.487475e+00 3.272779e-01 0.000000e+00
##
9 7.65477 3.23404 0.32047 0.000000e+00
9 7.365312e+00 2.706200e+00 3.275852e-01 0.000000e+00
9 7.701439e+00 3.167517e+00 3.413836e-01 0.000000e+00
9 7.533366e+00 3.088967e+00 3.238541e-01 0.000000e+00
9 7.997646e+00 2.990404e+00 3.132653e-01 0.000000e+00
9 7.926380e+00 2.927713e+00 3.332211e-01 0.000000e+00
9 7.410605e+00 2.796935e+00 2.999840e-01 0.000000e+00
9 6.889648e+00 2.872287e+00 3.206406e-01 0.000000e+00
9 7.422970e+00 2.973353e+00 3.193995e-01 0.000000e+00
9 7.687408e+00 2.824921e+00 3.287193e-01 0.000000e+00
##
9 8.02636 3.57479 0.3207 0.000000e+00
9 7.736903e+00 3.046944e+00 3.278157e-01 0.000000e+00
9 8.073031e+00 3.508260e+00 3.416141e-01 0.000000e+00
9 7.904958e+00 3.429710e+00 3.240846e-01 0.000000e+00
9 8.369238e+00 3.331148e+00 3.134958e-01 0.000000e+00
9 8.297971e+00 3.268456e+00 3.334516e-01 0.000000e+00
9 7.782196e+00 3.137679e+00 3.002145e-01 0.000000e+00
9 7.261239e+00 3.213031e+00 3.208710e-01 0.000000e+00
9 7.794561e+00 3.314096e+00 3.196300e-01 0.000000e+00
9 8.058999e+00 3.165664e+00 3.289498e-01 0.000000e+00
##
9 8.40783 3.91873 0.32013 0.000000e+00
9 8.118370e+00 3.390885e+00 3.272461e-01 0.000000e+00
9 8.454497e+00 3.852202e+00 3.410445e-01 0.000000e+00
9 8.286424e+00 3.773652e+00 3.235149e-01 0.000000e+00
9 8.750704e+00 3.675090e+00 3.129261e-01 0.000000e+00
9 8.679438e+00 3.612398e+00 3.328819e-01 0.000000e+00
9 8.163663e+00 3.481620e+00 2.996448e-01 0.000000e+00
9 7.642706e+00 3.556973e+00 3.203014e-01 0.000000e+00
9 8.176028e+00 3.658038e+00 3.190603e-01 0.000000e+00
9 8.440465e+00 3.509606e+00 3.283802e-01 0.000000e+00
##
9 8.79881 4.26544 0.319052 0.000000e+00
9 8.509350e+00 3.737592e+00 3.261676e-01 0.000000e+00
9 8.845477e+00 4.198908e+00 3.399661e-01 0.000000e+00
9 8.677404e+00 4.120358e+00 3.224365e-01 0.000000e+00
9 9.141684e+00 4.021796e+00 3.118477e-01 0.000000e+00
9 9.070418e+00 3.959104e+00 3.318035e-01 0.000000e+00
9 8.554643e+00 3.828326e+00 2.985664e-01 0.000000e+00
9 8.033685e+00 3.903679e+00 3.192230e-01 0.000000e+00
9 8.567008e+00 4.004744e+00 3.179819e-01 0.000000e+00
9 8.831445e+00 3.856312e+00 3.273018e-01 0.000000e+00
##
9 9.19975 4.61483 0.317626 0.000000e+00
9 8.910289e+00 4.086984e+00 3.247419e-01 0.000000e+00
9 9.246417e+00 4.548301e+00 3.385404e-01 0.000000e+00
9 9.078344e+00 4.469751e+00 3.210108e-01 0.000000e+00
9 9.542624e+00 4.371189e+00 3.104220e-01 0.000000e+00
9 9.471357e+00 4.308497e+00 3.303778e-01 0.000000e+00
9 8.955582e+00 4.177719e+00 2.971407e-01 0.000000e+00
9 8.434625e+00 4.253071e+00 3.177973e-01 0.000000e+00
9 8.967947e+00 4.354137e+00 3.165562e-01 0.000000e+00
9 9.232385e+00 4.205705e+00 3.258760e-01 0.000000e+00
##
9 9.61094 4.96779 0.319809 0.000000e+00
9 9.321488e+00 4.439944e+00 3.269248e-01 0.000000e+00
9 9.657615e+00 4.901261e+00 3.407232e-01 0.000000e+00
9 9.489542e+00 4.822711e+00 3.231937e-01 0.000000e+00
9 9.953822e+00 4.724148e+00 3.126049e-01 0.000000e+00
9 9.882556e+00 4.661457e+00 3.325607e-01 0.000000e+00
9 9.366781e+00 4.530679e+00 2.993236e-01 0.000000e+00
9 8.845824e+00 4.606031e+00 3.199802e-01 0.000000e+00
9 9.379146e+00 4.707097e+00 3.187391e-01 0.000000e+00
9 9.643583e+00 4.558665e+00 3.280589e-01 0.000000e+00
##
