0 6.20532 2.37037 0.00066539 3.543760e-08
1 5.915865e+00 1.842530e+00 7.781051e-03 3.682912e-08
2 6.251992e+00 2.303847e+00 2.157946e-02 4.595752e-11
3 6.083919e+00 2.225297e+00 4.049907e-03 9.537098e-06
4 6.548199e+00 2.126734e+00 -6.538854e-03 1.337776e-05
5 6.476933e+00 2.064043e+00 1.341690e-02 3.181608e-08
6 5.961158e+00 1.933265e+00 -1.982019e-02 1.169513e-26
7 5.440201e+00 2.008617e+00 8.363741e-04 3.943811e-26
8 5.973523e+00 2.109683e+00 -4.046889e-04 2.729105e-08
9 6.237960e+00 1.961251e+00 8.915153e-03 2.507363e-04
10 6.354984e+00 2.585779e+00 -3.019629e-03 7.083562e-16
11 6.017129e+00 2.406857e+00 7.058387e-03 1.696066e-08
12 6.605367e+00 2.079553e+00 -1.281006e-02 2.567452e-08
13 6.255854e+00 2.510347e+00 -9.781242e-04 1.880906e-12
14 6.100623e+00 2.667067e+00 -3.723385e-03 9.392990e-23
15 6.263591e+00 2.162014e+00 -2.819872e-03 1.736446e-05
16 6.059822e+00 1.868651e+00 1.137971e-02 5.318623e-07
17 5.763012e+00 2.404229e+00 -1.292300e-02 2.188151e-36
18 5.950386e+00 2.212709e+00 1.451443e-02 5.032427e-07
19 6.712781e+00 2.116516e+00 -1.960371e-02 4.502394e-15
20 6.412297e+00 2.319767e+00 1.150016e-02 7.022476e-07
21 6.237666e+00 1.805824e+00 5.906011e-03 1.049063e-04
22 5.811194e+00 2.447389e+00 -3.846350e-03 1.264398e-22
23 6.207702e+00 2.099435e+00 -1.015057e-02 2.562078e-10
24 6.201456e+00 2.388919e+00 1.291180e-03 2.519205e-08
25 5.911627e+00 2.140354e+00 -3.347439e-04 4.574178e-10
26 6.247563e+00 2.117732e+00 1.135430e-02 9.899040e-05
27 6.584433e+00 2.563394e+00 4.838410e-03 7.148730e-13
28 6.281693e+00 2.203162e+00 1.023873e-02 1.220067e-04
29 6.259613e+00 1.609356e+00 -1.928893e-03 1.043671e-05
30 6.520931e+00 1.942516e+00 2.038048e-02 8.850412e-18
31 6.539182e+00 2.177878e+00 -8.849170e-04 8.465579e-05
32 6.474655e+00 2.568681e+00 -4.614105e-03 3.432473e-16
33 5.384938e+00 2.085757e+00 -3.787041e-03 1.889277e-34
34 6.067853e+00 2.439627e+00 -1.207945e-02 3.127181e-25
35 6.722841e+00 2.312437e+00 5.947102e-03 4.063112e-10
36 6.407524e+00 1.887449e+00 -6.710317e-03 1.441288e-03
37 6.200769e+00 1.868397e+00 9.510202e-03 1.735141e-05
38 6.126895e+00 2.057865e+00 -4.161712e-03 8.905871e-07
39 6.602942e+00 2.063863e+00 -2.406977e-03 3.593246e-04
40 6.601238e+00 2.374336e+00 -1.621946e-02 7.329397e-20
41 6.406132e+00 2.561756e+00 9.303437e-03 1.284050e-10
42 6.262968e+00 2.662181e+00 1.909634e-03 1.111199e-15
43 5.933533e+00 2.380560e+00 -1.148315e-03 2.244955e-14
44 5.681937e+00 2.906242e+00 -1.919359e-02 1.565465e-80
45 6.414887e+00 2.405202e+00 -1.007223e-02 2.406610e-15
46 5.601841e+00 2.118515e+00 1.207302e-02 3.563112e-14
47 5.938711e+00 2.085270e+00 9.383453e-03 2.118085e-06
48 6.853590e+00 1.843187e+00 3.435955e-03 1.457404e-10
49 6.091921e+00 2.262355e+00 -2.091778e-02 2.089937e-32
50 6.195608e+00 2.636209e+00 1.089536e-02 1.249460e-11
51 6.601849e+00 2.046494e+00 8.474471e-03 4.476056e-07
52 6.316009e+00 2.167552e+00 -1.436696e-02 3.994095e-14
53 6.363056e+00 2.099230e+00 2.609885e-03 3.992321e-03
54 6.675584e+00 1.916627e+00 -6.154297e-03 3.829402e-04
55 6.504745e+00 1.738908e+00 -2.775392e-03 1.989080e-03
56 6.093096e+00 2.839081e+00 2.873732e-03 8.631966e-24
57 5.992839e+00 1.416669e+00 -2.330233e-03 5.797062e-14
58 5.699824e+00 2.161849e+00 2.891383e-03 1.206897e-14
59 6.491644e+00 2.017831e+00 1.719168e-02 2.798358e-12
60 6.186425e+00 1.880639e+00 -4.618137e-03 4.944481e-05
61 6.174718e+00 2.251870e+00 -1.543541e-02 8.664948e-21
62 6.315341e+00 2.759629e+00 2.658101e-03 7.900221e-19
63 6.354026e+00 1.992121e+00 -1.404491e-02 1.191814e-09
64 6.162692e+00 2.433128e+00 -7.214657e-03 1.152513e-16
65 5.864937e+00 2.314504e+00 8.471904e-03 3.085158e-09
66 6.468827e+00 2.129308e+00 6.814430e-03 1.651449e-04
67 6.486910e+00 2.179106e+00 -1.148788e-02 9.999671e-10
68 5.850295e+00 2.071835e+00 4.371863e-03 6.445451e-09
69 6.052896e+00 2.073526e+00 1.789465e-03 1.524101e-05
70 6.196922e+00 2.134796e+00 -7.119527e-03 1.379056e-08
71 6.253207e+00 2.180146e+00 6.614591e-04 1.707525e-04
72 6.025593e+00 2.083872e+00 8.342074e-03 3.836040e-05
73 6.402047e+00 1.921133e+00 -1.769120e-02 2.070053e-11
74 6.481582e+00 2.110453e+00 -1.544348e-02 9.317829e-12
75 6.551705e+00 2.337502e+00 -2.398031e-03 3.517432e-08
76 5.738704e+00 2.208415e+00 4.511937e-03 6.807349e-13
77 6.054204e+00 1.717244e+00 7.516091e-03 6.204853e-08
78 6.011744e+00 1.852819e+00 -1.601036e-02 2.266515e-18
79 5.571621e+00 2.329299e+00 1.169198e-02 3.074469e-16
80 6.622190e+00 2.501567e+00 -1.485324e-02 2.392340e-23
81 6.252896e+00 1.729518e+00 1.381545e-03 1.895538e-04
82 6.319732e+00 1.949284e+00 -1.451285e-03 6.418865e-03
83 6.086988e+00 1.742434e+00 -1.530662e-02 1.900182e-14
84 6.266769e+00 2.294179e+00 4.605673e-03 3.936997e-05
85 6.114789e+00 1.562816e+00 -5.496942e-04 2.310544e-08
86 6.419503e+00 2.254072e+00 -6.757023e-03 2.567399e-08
87 6.299279e+00 2.550581e+00 -2.415365e-03 1.769983e-14
88 6.601681e+00 2.001167e+00 -3.450991e-03 9.560412e-04
89 6.558291e+00 1.837502e+00 -4.551337e-03 4.256629e-03
90 6.126990e+00 2.128797e+00 -9.091751e-04 7.520848e-06
91 6.262780e+00 2.187611e+00 7.929949e-03 5.064334e-04
92 6.348491e+00 1.791852e+00 1.084659e-02 8.019676e-08
93 6.589277e+00 2.186403e+00 2.520966e-02 3.452197e-23
94 6.414552e+00 2.401190e+00 1.466313e-03 7.764119e-08
95 6.833659e+00 2.719092e+00 -2.891405e-02 6.772848e-58
96 6.249070e+00 2.809758e+00 -4.296154e-04 9.771117e-24
97 6.089937e+00 2.465805e+00 1.590247e-02 1.830433e-08
98 6.203387e+00 1.859982e+00 2.807767e-03 1.003212e-03
99 6.818997e+00 2.452566e+00 -1.751797e-02 6.421630e-25
##
82 6.67305 2.21479 0.308251 0.000000e+00
88 6.665665e+00 1.738049e+00 3.133674e-01 0.000000e+00
71 6.653070e+00 2.379948e+00 3.312782e-01 0.000000e+00
53 6.594727e+00 2.221242e+00 3.156971e-01 0.000000e+00
55 7.201022e+00 1.760258e+00 2.997231e-01 0.000000e+00
54 7.300795e+00 1.873968e+00 3.162999e-01 0.000000e+00
53 6.471965e+00 1.929211e+00 2.918270e-01 0.000000e+00
36 5.996035e+00 1.789148e+00 3.031634e-01 0.000000e+00
89 6.679997e+00 1.841108e+00 3.040813e-01 0.000000e+00
36 6.793795e+00 1.741781e+00 3.112421e-01 0.000000e+00
36 6.910819e+00 2.366310e+00 2.993074e-01 0.000000e+00
36 6.572963e+00 2.187388e+00 3.093854e-01 0.000000e+00
36 7.161202e+00 1.860083e+00 2.895169e-01 0.000000e+00
53 6.766662e+00 2.506293e+00 3.106691e-01 0.000000e+00
53 6.611430e+00 2.663012e+00 3.079238e-01 0.000000e+00
29 6.671232e+00 1.666316e+00 3.042885e-01 0.000000e+00
82 6.527554e+00 1.713067e+00 3.189657e-01 0.000000e+00
89 6.469487e+00 2.135654e+00 2.915630e-01 0.000000e+00
53 6.461193e+00 2.208654e+00 3.261616e-01 0.000000e+00
98 7.063907e+00 1.873290e+00 2.922414e-01 0.000000e+00
89 7.118772e+00 2.051192e+00 3.159861e-01 0.000000e+00
53 6.748473e+00 1.801770e+00 3.175532e-01 0.000000e+00
89 6.517668e+00 2.178814e+00 3.006396e-01 0.000000e+00
88 6.957502e+00 1.994954e+00 2.954357e-01 0.000000e+00
89 6.907931e+00 2.120344e+00 3.057771e-01 0.000000e+00
55 6.564451e+00 1.773877e+00 3.059272e-01 0.000000e+00
82 6.715295e+00 1.962149e+00 3.189403e-01 0.000000e+00
31 7.271580e+00 2.636625e+00 3.129908e-01 0.000000e+00
55 6.934516e+00 1.836686e+00 3.165006e-01 0.000000e+00
53 6.770420e+00 1.605301e+00 3.097183e-01 0.000000e+00
82 6.988662e+00 1.786933e+00 3.279665e-01 0.000000e+00
72 6.712166e+00 2.160698e+00 3.164945e-01 0.000000e+00
53 6.985462e+00 2.564626e+00 3.070331e-01 0.000000e+00
89 6.091413e+00 1.817183e+00 3.006989e-01 0.000000e+00
55 6.720677e+00 2.073150e+00 2.941825e-01 0.000000e+00
82 7.190572e+00 2.156853e+00 3.135331e-01 0.000000e+00
36 6.963359e+00 1.667980e+00 2.956167e-01 0.000000e+00
89 6.907244e+00 1.599822e+00 3.139962e-01 0.000000e+00
55 6.779719e+00 1.691388e+00 3.021002e-01 0.000000e+00
55 7.255765e+00 1.697387e+00 3.038549e-01 0.000000e+00
71 7.002315e+00 2.450438e+00 2.934793e-01 0.000000e+00
82 6.873864e+00 2.406173e+00 3.168895e-01 0.000000e+00
89 6.969442e+00 2.393606e+00 3.063956e-01 0.000000e+00
89 6.640008e+00 2.111985e+00 3.033377e-01 0.000000e+00
53 6.192744e+00 2.902187e+00 2.924536e-01 0.000000e+00
53 6.925695e+00 2.401147e+00 3.015750e-01 0.000000e+00
55 6.254665e+00 1.752038e+00 3.183349e-01 0.000000e+00
55 6.591535e+00 1.718793e+00 3.156454e-01 0.000000e+00
89 7.560065e+00 1.574612e+00 3.079219e-01 0.000000e+00
98 6.443047e+00 2.019129e+00 2.909273e-01 0.000000e+00
89 6.902083e+00 2.367634e+00 3.153813e-01 0.000000e+00
89 7.308323e+00 1.777919e+00 3.129604e-01 0.000000e+00
55 6.968832e+00 1.801076e+00 2.918950e-01 0.000000e+00
89 7.069531e+00 1.830655e+00 3.070959e-01 0.000000e+00
82 7.143316e+00 1.761043e+00 3.014317e-01 0.000000e+00
55 7.157568e+00 1.372431e+00 3.034865e-01 0.000000e+00
82 6.560828e+00 2.683497e+00 3.104598e-01 0.000000e+00
89 6.699314e+00 1.148094e+00 3.021557e-01 0.000000e+00
98 6.050950e+00 1.918623e+00 3.147365e-01 0.000000e+00
91 6.901840e+00 2.104230e+00 3.341589e-01 0.000000e+00
91 6.596622e+00 1.967038e+00 3.123491e-01 0.000000e+00
82 6.642450e+00 2.096287e+00 2.921506e-01 0.000000e+00
89 7.021816e+00 2.491054e+00 3.071441e-01 0.000000e+00
98 6.705152e+00 1.748895e+00 2.978002e-01 0.000000e+00
55 6.815515e+00 2.066652e+00 2.990473e-01 0.000000e+00
82 6.332668e+00 2.158920e+00 3.160579e-01 0.000000e+00
53 6.979635e+00 2.125253e+00 3.184616e-01 0.000000e+00
89 7.193385e+00 1.910531e+00 2.929981e-01 0.000000e+00
53 6.361102e+00 2.067780e+00 3.160191e-01 0.000000e+00
36 6.608731e+00 1.854056e+00 3.041165e-01 0.000000e+00
82 6.664654e+00 1.979212e+00 3.004665e-01 0.000000e+00
36 6.809042e+00 1.960676e+00 3.029884e-01 0.000000e+00
82 6.493325e+00 1.928289e+00 3.159281e-01 0.000000e+00
88 7.151847e+00 1.816652e+00 2.878951e-01 0.000000e+00
82 6.949314e+00 1.954870e+00 2.921425e-01 0.000000e+00
89 7.258180e+00 2.068927e+00 3.020879e-01 0.000000e+00
36 6.294539e+00 1.988945e+00 3.068389e-01 0.000000e+00
53 6.565012e+00 1.713189e+00 3.191633e-01 0.000000e+00
36 6.567578e+00 1.633349e+00 2.863166e-01 0.000000e+00
53 6.082429e+00 2.325244e+00 3.233392e-01 0.000000e+00
53 7.132997e+00 2.497513e+00 2.967939e-01 0.000000e+00
82 6.720627e+00 1.573935e+00 3.089676e-01 0.000000e+00
82 6.787464e+00 1.793701e+00 3.061347e-01 0.000000e+00
36 6.642823e+00 1.522965e+00 2.870204e-01 0.000000e+00
82 6.734500e+00 2.138595e+00 3.121917e-01 0.000000e+00
89 6.821264e+00 1.294241e+00 3.039363e-01 0.000000e+00
53 6.930310e+00 2.250017e+00 3.048902e-01 0.000000e+00
88 7.049079e+00 2.446100e+00 3.031709e-01 0.000000e+00
36 7.157516e+00 1.781697e+00 2.988760e-01 0.000000e+00
89 7.264765e+00 1.568927e+00 2.999346e-01 0.000000e+00
53 6.637798e+00 2.124743e+00 3.107380e-01 0.000000e+00
82 6.730511e+00 2.032028e+00 3.155160e-01 0.000000e+00
82 6.816223e+00 1.636269e+00 3.184326e-01 0.000000e+00
55 7.242101e+00 1.819926e+00 3.314716e-01 0.000000e+00
53 6.925359e+00 2.397135e+00 3.131135e-01 0.000000e+00
53 7.344466e+00 2.715037e+00 2.827331e-01 0.000000e+00
89 6.955544e+00 2.541183e+00 3.040564e-01 0.000000e+00
82 6.557668e+00 2.310221e+00 3.234885e-01 0.000000e+00
82 6.671118e+00 1.704398e+00 3.103938e-01 0.000000e+00
98 7.170123e+00 2.209341e+00 2.943271e-01 0.000000e+00
##
82 7.02126 2.54243 0.307774 0.000000e+00
82 6.731804e+00 2.014582e+00 3.148896e-01 0.000000e+00
82 7.067931e+00 2.475898e+00 3.286880e-01 0.000000e+00
82 6.899858e+00 2.397349e+00 3.111585e-01 0.000000e+00
82 7.364138e+00 2.298786e+00 3.005697e-01 0.000000e+00
82 7.292872e+00 2.236095e+00 3.205255e-01 0.000000e+00
82 6.777097e+00 2.105317e+00 2.872884e-01 0.000000e+00
82 6.256140e+00 2.180669e+00 3.079450e-01 0.000000e+00
82 6.789462e+00 2.281735e+00 3.067039e-01 0.000000e+00
82 7.053900e+00 2.133302e+00 3.160237e-01 0.000000e+00
82 7.170923e+00 2.757831e+00 3.040890e-01 0.000000e+00
82 6.833068e+00 2.578909e+00 3.141670e-01 0.000000e+00
82 7.421306e+00 2.251604e+00 2.942985e-01 0.000000e+00
82 7.071794e+00 2.682399e+00 3.061305e-01 0.000000e+00
82 6.916562e+00 2.839119e+00 3.033852e-01 0.000000e+00
82 7.079531e+00 2.334066e+00 3.042887e-01 0.000000e+00
82 6.875762e+00 2.040702e+00 3.184883e-01 0.000000e+00
82 6.578952e+00 2.576280e+00 2.941856e-01 0.000000e+00
82 6.766325e+00 2.384760e+00 3.216230e-01 0.000000e+00
82 7.528721e+00 2.288567e+00 2.875049e-01 0.000000e+00
82 7.228236e+00 2.491819e+00 3.186087e-01 0.000000e+00
82 7.053605e+00 1.977876e+00 3.130146e-01 0.000000e+00
82 6.627133e+00 2.619440e+00 3.032622e-01 0.000000e+00
82 7.023642e+00 2.271486e+00 2.969580e-01 0.000000e+00
82 7.017396e+00 2.560971e+00 3.083998e-01 0.000000e+00
82 6.727566e+00 2.312405e+00 3.067738e-01 0.000000e+00
82 7.063503e+00 2.289784e+00 3.184629e-01 0.000000e+00
82 7.400372e+00 2.735445e+00 3.119470e-01 0.000000e+00
82 7.097632e+00 2.375214e+00 3.173473e-01 0.000000e+00
82 7.075552e+00 1.781407e+00 3.051797e-01 0.000000e+00
82 7.336870e+00 2.114568e+00 3.274891e-01 0.000000e+00
82 7.355121e+00 2.349929e+00 3.062237e-01 0.000000e+00
82 7.290594e+00 2.740733e+00 3.024945e-01 0.000000e+00
82 6.200878e+00 2.257809e+00 3.033215e-01 0.000000e+00
82 6.883793e+00 2.611678e+00 2.950291e-01 0.000000e+00
82 7.538780e+00 2.484489e+00 3.130557e-01 0.000000e+00
82 7.223464e+00 2.059501e+00 3.003983e-01 0.000000e+00
82 7.016709e+00 2.040449e+00 3.166188e-01 0.000000e+00
82 6.942834e+00 2.229916e+00 3.029469e-01 0.000000e+00
82 7.418881e+00 2.235915e+00 3.047016e-01 0.000000e+00
82 7.417177e+00 2.546388e+00 2.908891e-01 0.000000e+00
82 7.222071e+00 2.733808e+00 3.164120e-01 0.000000e+00
82 7.078907e+00 2.834233e+00 3.090182e-01 0.000000e+00
82 6.749472e+00 2.552612e+00 3.059603e-01 0.000000e+00
82 6.497876e+00 3.078293e+00 2.879150e-01 0.000000e+00
82 7.230827e+00 2.577253e+00 2.970364e-01 0.000000e+00
82 6.417781e+00 2.290566e+00 3.191816e-01 0.000000e+00
82 6.754651e+00 2.257321e+00 3.164920e-01 0.000000e+00
82 7.669530e+00 2.015238e+00 3.105445e-01 0.000000e+00
82 6.907860e+00 2.434407e+00 2.861908e-01 0.000000e+00
82 7.011548e+00 2.808260e+00 3.180039e-01 0.000000e+00
82 7.417788e+00 2.218546e+00 3.155831e-01 0.000000e+00
82 7.131948e+00 2.339604e+00 2.927416e-01 0.000000e+00
82 7.178995e+00 2.271282e+00 3.097185e-01 0.000000e+00
82 7.491524e+00 2.088679e+00 3.009543e-01 0.000000e+00
82 7.320684e+00 1.910959e+00 3.043332e-01 0.000000e+00
82 6.909036e+00 3.011132e+00 3.099823e-01 0.000000e+00
82 6.808778e+00 1.588721e+00 3.047784e-01 0.000000e+00
82 6.515763e+00 2.333901e+00 3.100000e-01 0.000000e+00
82 7.307583e+00 2.189883e+00 3.243003e-01 0.000000e+00
82 7.002364e+00 2.052691e+00 3.024904e-01 0.000000e+00
82 6.990658e+00 2.423922e+00 2.916732e-01 0.000000e+00
82 7.131281e+00 2.931681e+00 3.097667e-01 0.000000e+00
82 7.169965e+00 2.164173e+00 2.930637e-01 0.000000e+00
82 6.978631e+00 2.605180e+00 2.998939e-01 0.000000e+00
82 6.680876e+00 2.486555e+00 3.155805e-01 0.000000e+00
82 7.284767e+00 2.301360e+00 3.139230e-01 0.000000e+00
82 7.302849e+00 2.351158e+00 2.956207e-01 0.000000e+00
82 6.666234e+00 2.243887e+00 3.114804e-01 0.000000e+00
82 6.868836e+00 2.245578e+00 3.088981e-01 0.000000e+00
82 7.012861e+00 2.306848e+00 2.999891e-01 0.000000e+00
82 7.069146e+00 2.352197e+00 3.077700e-01 0.000000e+00
82 6.841532e+00 2.255924e+00 3.154507e-01 0.000000e+00
82 7.217986e+00 2.093185e+00 2.894174e-01 0.000000e+00
82 7.297521e+00 2.282505e+00 2.916651e-01 0.000000e+00
82 7.367644e+00 2.509554e+00 3.047106e-01 0.000000e+00
82 6.554643e+00 2.380467e+00 3.116205e-01 0.000000e+00
82 6.870143e+00 1.889295e+00 3.146247e-01 0.000000e+00
82 6.827683e+00 2.024870e+00 2.910982e-01 0.000000e+00
82 6.387560e+00 2.501351e+00 3.188006e-01 0.000000e+00
82 7.438129e+00 2.673619e+00 2.922553e-01 0.000000e+00
82 7.068835e+00 1.901570e+00 3.084901e-01 0.000000e+00
82 7.135672e+00 2.121336e+00 3.056573e-01 0.000000e+00
82 6.902927e+00 1.914486e+00 2.918020e-01 0.000000e+00
82 7.082708e+00 2.466230e+00 3.117143e-01 0.000000e+00
82 6.930728e+00 1.734867e+00 3.065589e-01 0.000000e+00
82 7.235442e+00 2.426124e+00 3.003516e-01 0.000000e+00
82 7.115218e+00 2.722633e+00 3.046932e-01 0.000000e+00
82 7.417621e+00 2.173218e+00 3.036576e-01 0.000000e+00
82 7.374230e+00 2.009553e+00 3.025572e-01 0.000000e+00
82 6.942930e+00 2.300849e+00 3.061994e-01 0.000000e+00
82 7.078719e+00 2.359663e+00 3.150385e-01 0.000000e+00
82 7.164430e+00 1.963904e+00 3.179552e-01 0.000000e+00
82 7.405217e+00 2.358454e+00 3.323182e-01 0.000000e+00
82 7.230491e+00 2.573241e+00 3.085749e-01 0.000000e+00
82 7.649598e+00 2.891143e+00 2.781945e-01 0.000000e+00
82 7.065009e+00 2.981810e+00 3.066790e-01 0.000000e+00
82 6.905876e+00 2.637857e+00 3.230111e-01 0.000000e+00
82 7.019326e+00 2.032034e+00 3.099164e-01 0.000000e+00
82 7.634936e+00 2.624618e+00 2.895906e-01 0.000000e+00
##
82 7.37702 2.87255 0.308662 0.000000e+00
82 7.087563e+00 2.344706e+00 3.157774e-01 0.000000e+00
82 7.423690e+00 2.806023e+00 3.295758e-01 0.000000e+00
82 7.255617e+00 2.727473e+00 3.120463e-01 0.000000e+00
82 7.719897e+00 2.628911e+00 3.014575e-01 0.000000e+00
82 7.648631e+00 2.566219e+00 3.214133e-01 0.000000e+00
82 7.132856e+00 2.435441e+00 2.881762e-01 0.000000e+00
82 6.611898e+00 2.510794e+00 3.088327e-01 0.000000e+00
82 7.145221e+00 2.611859e+00 3.075917e-01 0.000000e+00
82 7.409658e+00 2.463427e+00 3.169115e-01 0.000000e+00
82 7.526682e+00 3.087955e+00 3.049767e-01 0.000000e+00
82 7.188826e+00 2.909033e+00 3.150547e-01 0.000000e+00
82 7.777065e+00 2.581729e+00 2.951863e-01 0.000000e+00
82 7.427552e+00 3.012524e+00 3.070182e-01 0.000000e+00
82 7.272320e+00 3.169243e+00 3.042730e-01 0.000000e+00
82 7.435289e+00 2.664190e+00 3.051765e-01 0.000000e+00
82 7.231520e+00 2.370827e+00 3.193761e-01 0.000000e+00
82 6.934710e+00 2.906405e+00 2.950734e-01 0.000000e+00
82 7.122083e+00 2.714885e+00 3.225108e-01 0.000000e+00
82 7.884479e+00 2.618692e+00 2.883926e-01 0.000000e+00
82 7.583995e+00 2.821943e+00 3.194965e-01 0.000000e+00
82 7.409364e+00 2.308000e+00 3.139024e-01 0.000000e+00
82 6.982891e+00 2.949565e+00 3.041500e-01 0.000000e+00
82 7.379400e+00 2.601611e+00 2.978458e-01 0.000000e+00
82 7.373154e+00 2.891095e+00 3.092875e-01 0.000000e+00
82 7.083325e+00 2.642530e+00 3.076616e-01 0.000000e+00
82 7.419261e+00 2.619908e+00 3.193507e-01 0.000000e+00
82 7.756131e+00 3.065570e+00 3.128348e-01 0.000000e+00
82 7.453391e+00 2.705338e+00 3.182351e-01 0.000000e+00
82 7.431311e+00 2.111532e+00 3.060675e-01 0.000000e+00
82 7.692629e+00 2.444692e+00 3.283768e-01 0.000000e+00
82 7.710880e+00 2.680054e+00 3.071114e-01 0.000000e+00
82 7.646352e+00 3.070857e+00 3.033822e-01 0.000000e+00
82 6.556636e+00 2.587934e+00 3.042093e-01 0.000000e+00
82 7.239551e+00 2.941803e+00 2.959169e-01 0.000000e+00
82 7.894539e+00 2.814613e+00 3.139435e-01 0.000000e+00
82 7.579222e+00 2.389626e+00 3.012860e-01 0.000000e+00
82 7.372467e+00 2.370573e+00 3.175066e-01 0.000000e+00
82 7.298593e+00 2.560041e+00 3.038346e-01 0.000000e+00
82 7.774640e+00 2.566040e+00 3.055894e-01 0.000000e+00
82 7.772935e+00 2.876512e+00 2.917769e-01 0.000000e+00
82 7.577830e+00 3.063933e+00 3.172998e-01 0.000000e+00
82 7.434666e+00 3.164357e+00 3.099060e-01 0.000000e+00
82 7.105231e+00 2.882736e+00 3.068480e-01 0.000000e+00
82 6.853635e+00 3.408418e+00 2.888028e-01 0.000000e+00
82 7.586585e+00 2.907378e+00 2.979241e-01 0.000000e+00
82 6.773539e+00 2.620691e+00 3.200694e-01 0.000000e+00
82 7.110409e+00 2.587446e+00 3.173798e-01 0.000000e+00
82 8.025288e+00 2.345363e+00 3.114323e-01 0.000000e+00
82 7.263619e+00 2.764531e+00 2.870786e-01 0.000000e+00
82 7.367306e+00 3.138385e+00 3.188917e-01 0.000000e+00
82 7.773546e+00 2.548670e+00 3.164708e-01 0.000000e+00
82 7.487707e+00 2.669728e+00 2.936294e-01 0.000000e+00
82 7.534754e+00 2.601406e+00 3.106062e-01 0.000000e+00
82 7.847282e+00 2.418803e+00 3.018421e-01 0.000000e+00
82 7.676443e+00 2.241084e+00 3.052210e-01 0.000000e+00
82 7.264794e+00 3.341257e+00 3.108701e-01 0.000000e+00
82 7.164537e+00 1.918845e+00 3.056661e-01 0.000000e+00
82 6.871522e+00 2.664025e+00 3.108877e-01 0.000000e+00
82 7.663342e+00 2.520007e+00 3.251880e-01 0.000000e+00
82 7.358123e+00 2.382815e+00 3.033782e-01 0.000000e+00
82 7.346416e+00 2.754046e+00 2.925609e-01 0.000000e+00
82 7.487039e+00 3.261805e+00 3.106545e-01 0.000000e+00
82 7.525724e+00 2.494297e+00 2.939514e-01 0.000000e+00
82 7.334390e+00 2.935305e+00 3.007817e-01 0.000000e+00
82 7.036635e+00 2.816680e+00 3.164683e-01 0.000000e+00
82 7.640525e+00 2.631484e+00 3.148108e-01 0.000000e+00
82 7.658608e+00 2.681283e+00 2.965085e-01 0.000000e+00
82 7.021993e+00 2.574011e+00 3.123682e-01 0.000000e+00
82 7.224594e+00 2.575702e+00 3.097858e-01 0.000000e+00
82 7.368620e+00 2.636972e+00 3.008768e-01 0.000000e+00
82 7.424905e+00 2.682322e+00 3.086578e-01 0.000000e+00
82 7.197291e+00 2.586049e+00 3.163384e-01 0.000000e+00
82 7.573745e+00 2.423309e+00 2.903051e-01 0.000000e+00
82 7.653280e+00 2.612630e+00 2.925529e-01 0.000000e+00
82 7.723403e+00 2.839678e+00 3.055983e-01 0.000000e+00
82 6.910402e+00 2.710591e+00 3.125083e-01 0.000000e+00
82 7.225902e+00 2.219420e+00 3.155124e-01 0.000000e+00
82 7.183441e+00 2.354995e+00 2.919860e-01 0.000000e+00
82 6.743319e+00 2.831475e+00 3.196883e-01 0.000000e+00
82 7.793888e+00 3.003743e+00 2.931431e-01 0.000000e+00
82 7.424593e+00 2.231695e+00 3.093779e-01 0.000000e+00
82 7.491430e+00 2.451461e+00 3.065451e-01 0.000000e+00
82 7.258686e+00 2.244611e+00 2.926897e-01 0.000000e+00
82 7.438467e+00 2.796355e+00 3.126020e-01 0.000000e+00
82 7.286487e+00 2.064992e+00 3.074467e-01 0.000000e+00
82 7.591201e+00 2.756248e+00 3.012393e-01 0.000000e+00
82 7.470977e+00 3.052757e+00 3.055810e-01 0.000000e+00
82 7.773379e+00 2.503343e+00 3.045454e-01 0.000000e+00
82 7.729988e+00 2.339678e+00 3.034450e-01 0.000000e+00
82 7.298688e+00 2.630973e+00 3.070872e-01 0.000000e+00
82 7.434477e+00 2.689787e+00 3.159263e-01 0.000000e+00
82 7.520189e+00 2.294029e+00 3.188429e-01 0.000000e+00
82 7.760975e+00 2.688579e+00 3.332060e-01 0.000000e+00
82 7.586249e+00 2.903366e+00 3.094627e-01 0.000000e+00
82 8.005356e+00 3.221268e+00 2.790823e-01 0.000000e+00
82 7.420767e+00 3.311934e+00 3.075667e-01 0.000000e+00
82 7.261635e+00 2.967981e+00 3.238988e-01 0.000000e+00
82 7.375085e+00 2.362158e+00 3.108041e-01 0.000000e+00
82 7.990695e+00 2.954743e+00 2.904784e-01 0.000000e+00
##
82 7.74114 3.20585 0.310103 0.000000e+00
82 7.451682e+00 2.678005e+00 3.172188e-01 0.000000e+00
82 7.787809e+00 3.139322e+00 3.310172e-01 0.000000e+00
82 7.619736e+00 3.060772e+00 3.134877e-01 0.000000e+00
82 8.084016e+00 2.962210e+00 3.028989e-01 0.000000e+00
82 8.012750e+00 2.899518e+00 3.228546e-01 0.000000e+00
82 7.496975e+00 2.768740e+00 2.896176e-01 0.000000e+00
82 6.976018e+00 2.844092e+00 3.102741e-01 0.000000e+00
82 7.509340e+00 2.945158e+00 3.090331e-01 0.000000e+00
82 7.773777e+00 2.796726e+00 3.183529e-01 0.000000e+00
82 7.890801e+00 3.421254e+00 3.064181e-01 0.000000e+00
82 7.552946e+00 3.242332e+00 3.164961e-01 0.000000e+00
82 8.141184e+00 2.915028e+00 2.966277e-01 0.000000e+00
82 7.791672e+00 3.345823e+00 3.084596e-01 0.000000e+00
82 7.636440e+00 3.502542e+00 3.057144e-01 0.000000e+00
82 7.799409e+00 2.997489e+00 3.066179e-01 0.000000e+00
82 7.595639e+00 2.704126e+00 3.208175e-01 0.000000e+00
82 7.298829e+00 3.239704e+00 2.965147e-01 0.000000e+00
82 7.486203e+00 3.048184e+00 3.239522e-01 0.000000e+00
82 8.248599e+00 2.951991e+00 2.898340e-01 0.000000e+00
82 7.948114e+00 3.155242e+00 3.209379e-01 0.000000e+00
82 7.773483e+00 2.641299e+00 3.153438e-01 0.000000e+00
82 7.347011e+00 3.282864e+00 3.055914e-01 0.000000e+00
82 7.743519e+00 2.934910e+00 2.992872e-01 0.000000e+00
82 7.737274e+00 3.224394e+00 3.107289e-01 0.000000e+00
82 7.447444e+00 2.975829e+00 3.091030e-01 0.000000e+00
82 7.783381e+00 2.953207e+00 3.207920e-01 0.000000e+00
82 8.120250e+00 3.398869e+00 3.142762e-01 0.000000e+00
82 7.817510e+00 3.038637e+00 3.196765e-01 0.000000e+00
82 7.795430e+00 2.444831e+00 3.075089e-01 0.000000e+00
82 8.056748e+00 2.777991e+00 3.298182e-01 0.000000e+00
82 8.074999e+00 3.013353e+00 3.085528e-01 0.000000e+00
82 8.010472e+00 3.404156e+00 3.048236e-01 0.000000e+00
82 6.920756e+00 2.921233e+00 3.056507e-01 0.000000e+00
82 7.603671e+00 3.275102e+00 2.973583e-01 0.000000e+00
82 8.258658e+00 3.147912e+00 3.153848e-01 0.000000e+00
82 7.943341e+00 2.722925e+00 3.027274e-01 0.000000e+00
82 7.736586e+00 2.703872e+00 3.189479e-01 0.000000e+00
82 7.662712e+00 2.893340e+00 3.052760e-01 0.000000e+00
82 8.138759e+00 2.899339e+00 3.070308e-01 0.000000e+00
82 8.137055e+00 3.209811e+00 2.932183e-01 0.000000e+00
82 7.941949e+00 3.397231e+00 3.187412e-01 0.000000e+00
82 7.798785e+00 3.497656e+00 3.113474e-01 0.000000e+00
82 7.469350e+00 3.216035e+00 3.082894e-01 0.000000e+00
82 7.217754e+00 3.741717e+00 2.902442e-01 0.000000e+00
82 7.950705e+00 3.240677e+00 2.993655e-01 0.000000e+00
82 7.137659e+00 2.953990e+00 3.215108e-01 0.000000e+00
82 7.474529e+00 2.920745e+00 3.188212e-01 0.000000e+00
82 8.389407e+00 2.678662e+00 3.128737e-01 0.000000e+00
82 7.627738e+00 3.097830e+00 2.885200e-01 0.000000e+00
82 7.731426e+00 3.471684e+00 3.203331e-01 0.000000e+00
82 8.137666e+00 2.881969e+00 3.179122e-01 0.000000e+00
82 7.851826e+00 3.003027e+00 2.950708e-01 0.000000e+00
82 7.898873e+00 2.934705e+00 3.120476e-01 0.000000e+00
82 8.211402e+00 2.752102e+00 3.032834e-01 0.000000e+00
82 8.040562e+00 2.574383e+00 3.066624e-01 0.000000e+00
82 7.628914e+00 3.674556e+00 3.123115e-01 0.000000e+00
82 7.528656e+00 2.252144e+00 3.071075e-01 0.000000e+00
82 7.235641e+00 2.997324e+00 3.123291e-01 0.000000e+00
82 8.027461e+00 2.853306e+00 3.266294e-01 0.000000e+00
82 7.722242e+00 2.716114e+00 3.048196e-01 0.000000e+00
82 7.710536e+00 3.087345e+00 2.940023e-01 0.000000e+00
82 7.851158e+00 3.595104e+00 3.120958e-01 0.000000e+00
82 7.889843e+00 2.827596e+00 2.953928e-01 0.000000e+00
82 7.698509e+00 3.268603e+00 3.022231e-01 0.000000e+00
82 7.400754e+00 3.149979e+00 3.179096e-01 0.000000e+00
82 8.004644e+00 2.964783e+00 3.162522e-01 0.000000e+00
82 8.022727e+00 3.014581e+00 2.979499e-01 0.000000e+00
82 7.386112e+00 2.907310e+00 3.138096e-01 0.000000e+00
82 7.588714e+00 2.909001e+00 3.112272e-01 0.000000e+00
82 7.732739e+00 2.970271e+00 3.023182e-01 0.000000e+00
82 7.789024e+00 3.015621e+00 3.100992e-01 0.000000e+00
82 7.561410e+00 2.919347e+00 3.177798e-01 0.000000e+00
82 7.937864e+00 2.756608e+00 2.917465e-01 0.000000e+00
82 8.017399e+00 2.945928e+00 2.939943e-01 0.000000e+00
82 8.087522e+00 3.172977e+00 3.070397e-01 0.000000e+00
82 7.274521e+00 3.043890e+00 3.139497e-01 0.000000e+00
82 7.590021e+00 2.552719e+00 3.169538e-01 0.000000e+00
82 7.547561e+00 2.688294e+00 2.934274e-01 0.000000e+00
82 7.107438e+00 3.164774e+00 3.211297e-01 0.000000e+00
82 8.158007e+00 3.337042e+00 2.945845e-01 0.000000e+00
82 7.788713e+00 2.564993e+00 3.108193e-01 0.000000e+00
82 7.855549e+00 2.784759e+00 3.079865e-01 0.000000e+00
82 7.622805e+00 2.577909e+00 2.941311e-01 0.000000e+00
82 7.802586e+00 3.129654e+00 3.140434e-01 0.000000e+00
82 7.650606e+00 2.398291e+00 3.088881e-01 0.000000e+00
82 7.955320e+00 3.089547e+00 3.026807e-01 0.000000e+00
82 7.835096e+00 3.386056e+00 3.070224e-01 0.000000e+00
82 8.137499e+00 2.836642e+00 3.059868e-01 0.000000e+00
82 8.094108e+00 2.672977e+00 3.048864e-01 0.000000e+00
82 7.662807e+00 2.964272e+00 3.085286e-01 0.000000e+00
82 7.798597e+00 3.023086e+00 3.173677e-01 0.000000e+00
82 7.884308e+00 2.627328e+00 3.202843e-01 0.000000e+00
82 8.125095e+00 3.021878e+00 3.346474e-01 0.000000e+00
82 7.950369e+00 3.236665e+00 3.109041e-01 0.000000e+00
82 8.369476e+00 3.554567e+00 2.805237e-01 0.000000e+00
82 7.784887e+00 3.645233e+00 3.090081e-01 0.000000e+00
82 7.625754e+00 3.301280e+00 3.253402e-01 0.000000e+00
82 7.739204e+00 2.695457e+00 3.122455e-01 0.000000e+00
82 8.354814e+00 3.288042e+00 2.919198e-01 0.000000e+00
##
82 8.11411 3.54235 0.310334 0.000000e+00
82 7.824656e+00 3.014510e+00 3.174493e-01 0.000000e+00
82 8.160783e+00 3.475827e+00 3.312477e-01 0.000000e+00
82 7.992710e+00 3.397277e+00 3.137181e-01 0.000000e+00
82 8.456990e+00 3.298714e+00 3.031294e-01 0.000000e+00
82 8.385723e+00 3.236023e+00 3.230851e-01 0.000000e+00
82 7.869948e+00 3.105245e+00 2.898480e-01 0.000000e+00
82 7.348991e+00 3.180597e+00 3.105046e-01 0.000000e+00
82 7.882313e+00 3.281663e+00 3.092635e-01 0.000000e+00
82 8.146751e+00 3.133231e+00 3.185834e-01 0.000000e+00
82 8.263775e+00 3.757759e+00 3.066486e-01 0.000000e+00
82 7.925919e+00 3.578837e+00 3.167266e-01 0.000000e+00
82 8.514158e+00 3.251533e+00 2.968581e-01 0.000000e+00
82 8.164645e+00 3.682327e+00 3.086901e-01 0.000000e+00
82 8.009413e+00 3.839047e+00 3.059448e-01 0.000000e+00
82 8.172382e+00 3.333994e+00 3.068483e-01 0.000000e+00
82 7.968613e+00 3.040631e+00 3.210479e-01 0.000000e+00
82 7.671803e+00 3.576209e+00 2.967452e-01 0.000000e+00
82 7.859176e+00 3.384689e+00 3.241826e-01 0.000000e+00
82 8.621572e+00 3.288496e+00 2.900645e-01 0.000000e+00
82 8.321088e+00 3.491747e+00 3.211684e-01 0.000000e+00
82 8.146457e+00 2.977804e+00 3.155742e-01 0.000000e+00
82 7.719984e+00 3.619369e+00 3.058219e-01 0.000000e+00
82 8.116493e+00 3.271414e+00 2.995176e-01 0.000000e+00
82 8.110247e+00 3.560899e+00 3.109594e-01 0.000000e+00
82 7.820418e+00 3.312334e+00 3.093335e-01 0.000000e+00
82 8.156354e+00 3.289712e+00 3.210225e-01 0.000000e+00
82 8.493223e+00 3.735374e+00 3.145066e-01 0.000000e+00
82 8.190484e+00 3.375142e+00 3.199069e-01 0.000000e+00
82 8.168404e+00 2.781336e+00 3.077393e-01 0.000000e+00
82 8.429722e+00 3.114496e+00 3.300487e-01 0.000000e+00
82 8.447973e+00 3.349858e+00 3.087833e-01 0.000000e+00
82 8.383445e+00 3.740661e+00 3.050541e-01 0.000000e+00
82 7.293729e+00 3.257737e+00 3.058812e-01 0.000000e+00
82 7.976644e+00 3.611607e+00 2.975888e-01 0.000000e+00
82 8.631632e+00 3.484417e+00 3.156153e-01 0.000000e+00
82 8.316315e+00 3.059429e+00 3.029579e-01 0.000000e+00
82 8.109560e+00 3.040377e+00 3.191784e-01 0.000000e+00
82 8.035686e+00 3.229845e+00 3.055065e-01 0.000000e+00
82 8.511733e+00 3.235843e+00 3.072612e-01 0.000000e+00
82 8.510028e+00 3.546316e+00 2.934487e-01 0.000000e+00
82 8.314923e+00 3.733736e+00 3.189716e-01 0.000000e+00
82 8.171758e+00 3.834161e+00 3.115778e-01 0.000000e+00
82 7.842324e+00 3.552540e+00 3.085199e-01 0.000000e+00
82 7.590727e+00 4.078222e+00 2.904746e-01 0.000000e+00
82 8.323678e+00 3.577181e+00 2.995960e-01 0.000000e+00
82 7.510632e+00 3.290495e+00 3.217412e-01 0.000000e+00
82 7.847502e+00 3.257250e+00 3.190517e-01 0.000000e+00
82 8.762381e+00 3.015167e+00 3.131042e-01 0.000000e+00
82 8.000712e+00 3.434335e+00 2.887504e-01 0.000000e+00
82 8.104399e+00 3.808189e+00 3.205636e-01 0.000000e+00
82 8.510639e+00 3.218474e+00 3.181427e-01 0.000000e+00
82 8.224800e+00 3.339532e+00 2.953013e-01 0.000000e+00
82 8.271847e+00 3.271210e+00 3.122781e-01 0.000000e+00
82 8.584375e+00 3.088607e+00 3.035139e-01 0.000000e+00
82 8.413536e+00 2.910888e+00 3.068928e-01 0.000000e+00
82 8.001887e+00 4.011060e+00 3.125419e-01 0.000000e+00
82 7.901630e+00 2.588649e+00 3.073380e-01 0.000000e+00
82 7.608615e+00 3.333829e+00 3.125596e-01 0.000000e+00
82 8.400435e+00 3.189811e+00 3.268599e-01 0.000000e+00
82 8.095216e+00 3.052619e+00 3.050501e-01 0.000000e+00
82 8.083509e+00 3.423850e+00 2.942328e-01 0.000000e+00
82 8.224132e+00 3.931609e+00 3.123263e-01 0.000000e+00
82 8.262816e+00 3.164101e+00 2.956233e-01 0.000000e+00
82 8.071483e+00 3.605108e+00 3.024536e-01 0.000000e+00
82 7.773728e+00 3.486483e+00 3.181401e-01 0.000000e+00
82 8.377618e+00 3.301288e+00 3.164826e-01 0.000000e+00
82 8.395701e+00 3.351086e+00 2.981803e-01 0.000000e+00
82 7.759086e+00 3.243815e+00 3.140401e-01 0.000000e+00
82 7.961687e+00 3.245506e+00 3.114577e-01 0.000000e+00
82 8.105713e+00 3.306776e+00 3.025487e-01 0.000000e+00
82 8.161998e+00 3.352126e+00 3.103297e-01 0.000000e+00
82 7.934384e+00 3.255852e+00 3.180103e-01 0.000000e+00
82 8.310838e+00 3.093113e+00 2.919770e-01 0.000000e+00
82 8.390373e+00 3.282433e+00 2.942247e-01 0.000000e+00
82 8.460496e+00 3.509482e+00 3.072702e-01 0.000000e+00
82 7.647495e+00 3.380395e+00 3.141801e-01 0.000000e+00
82 7.962995e+00 2.889224e+00 3.171843e-01 0.000000e+00
82 7.920534e+00 3.024799e+00 2.936578e-01 0.000000e+00
82 7.480412e+00 3.501279e+00 3.213602e-01 0.000000e+00
82 8.530981e+00 3.673547e+00 2.948150e-01 0.000000e+00
82 8.161686e+00 2.901498e+00 3.110498e-01 0.000000e+00
82 8.228523e+00 3.121264e+00 3.082169e-01 0.000000e+00
82 7.995779e+00 2.914414e+00 2.943616e-01 0.000000e+00
82 8.175560e+00 3.466159e+00 3.142739e-01 0.000000e+00
82 8.023580e+00 2.734796e+00 3.091185e-01 0.000000e+00
82 8.328294e+00 3.426052e+00 3.029112e-01 0.000000e+00
82 8.208070e+00 3.722561e+00 3.072528e-01 0.000000e+00
82 8.510472e+00 3.173147e+00 3.062172e-01 0.000000e+00
82 8.467081e+00 3.009482e+00 3.051169e-01 0.000000e+00
82 8.035781e+00 3.300777e+00 3.087590e-01 0.000000e+00
82 8.171570e+00 3.359591e+00 3.175982e-01 0.000000e+00
82 8.257282e+00 2.963832e+00 3.205148e-01 0.000000e+00
82 8.498068e+00 3.358383e+00 3.348779e-01 0.000000e+00
82 8.323342e+00 3.573170e+00 3.111345e-01 0.000000e+00
82 8.742449e+00 3.891072e+00 2.807542e-01 0.000000e+00
82 8.157860e+00 3.981738e+00 3.092386e-01 0.000000e+00
82 7.998727e+00 3.637785e+00 3.255707e-01 0.000000e+00
82 8.112177e+00 3.031962e+00 3.124760e-01 0.000000e+00
82 8.727788e+00 3.624546e+00 2.921502e-01 0.000000e+00
##
82 8.49699 3.88195 0.309764 0.000000e+00
82 8.207537e+00 3.354111e+00 3.168796e-01 0.000000e+00
82 8.543664e+00 3.815427e+00 3.306780e-01 0.000000e+00
82 8.375591e+00 3.736878e+00 3.131485e-01 0.000000e+00
82 8.839871e+00 3.638315e+00 3.025597e-01 0.000000e+00
82 8.768605e+00 3.575624e+00 3.225155e-01 0.000000e+00
82 8.252830e+00 3.444846e+00 2.892784e-01 0.000000e+00
82 7.731873e+00 3.520198e+00 3.099349e-01 0.000000e+00
82 8.265195e+00 3.621264e+00 3.086939e-01 0.000000e+00
82 8.529632e+00 3.472831e+00 3.180137e-01 0.000000e+00
82 8.646656e+00 4.097360e+00 3.060789e-01 0.000000e+00
82 8.308801e+00 3.918438e+00 3.161570e-01 0.000000e+00
82 8.897039e+00 3.591133e+00 2.962885e-01 0.000000e+00
82 8.547526e+00 4.021928e+00 3.081204e-01 0.000000e+00
82 8.392295e+00 4.178648e+00 3.053752e-01 0.000000e+00
82 8.555264e+00 3.673595e+00 3.062787e-01 0.000000e+00
82 8.351494e+00 3.380231e+00 3.204783e-01 0.000000e+00
82 8.054684e+00 3.915809e+00 2.961756e-01 0.000000e+00
82 8.242058e+00 3.724289e+00 3.236130e-01 0.000000e+00
82 9.004453e+00 3.628096e+00 2.894949e-01 0.000000e+00
82 8.703969e+00 3.831348e+00 3.205987e-01 0.000000e+00
82 8.529338e+00 3.317405e+00 3.150046e-01 0.000000e+00
82 8.102866e+00 3.958969e+00 3.052522e-01 0.000000e+00
82 8.499374e+00 3.611015e+00 2.989480e-01 0.000000e+00
82 8.493128e+00 3.900500e+00 3.103897e-01 0.000000e+00
82 8.203299e+00 3.651934e+00 3.087638e-01 0.000000e+00
82 8.539236e+00 3.629313e+00 3.204529e-01 0.000000e+00
82 8.876105e+00 4.074974e+00 3.139370e-01 0.000000e+00
82 8.573365e+00 3.714743e+00 3.193373e-01 0.000000e+00
82 8.551285e+00 3.120936e+00 3.071697e-01 0.000000e+00
82 8.812603e+00 3.454097e+00 3.294790e-01 0.000000e+00
82 8.830854e+00 3.689458e+00 3.082136e-01 0.000000e+00
82 8.766327e+00 4.080262e+00 3.044845e-01 0.000000e+00
82 7.676610e+00 3.597338e+00 3.053115e-01 0.000000e+00
82 8.359526e+00 3.951207e+00 2.970191e-01 0.000000e+00
82 9.014513e+00 3.824018e+00 3.150457e-01 0.000000e+00
82 8.699196e+00 3.399030e+00 3.023882e-01 0.000000e+00
82 8.492441e+00 3.379978e+00 3.186088e-01 0.000000e+00
82 8.418567e+00 3.569445e+00 3.049369e-01 0.000000e+00
82 8.894614e+00 3.575444e+00 3.066916e-01 0.000000e+00
82 8.892910e+00 3.885917e+00 2.928791e-01 0.000000e+00
82 8.697804e+00 4.073337e+00 3.184020e-01 0.000000e+00
82 8.554640e+00 4.173762e+00 3.110082e-01 0.000000e+00
82 8.225205e+00 3.892141e+00 3.079502e-01 0.000000e+00
82 7.973609e+00 4.417822e+00 2.899050e-01 0.000000e+00
82 8.706560e+00 3.916782e+00 2.990263e-01 0.000000e+00
82 7.893514e+00 3.630095e+00 3.211716e-01 0.000000e+00
82 8.230383e+00 3.596850e+00 3.184820e-01 0.000000e+00
82 9.145262e+00 3.354767e+00 3.125345e-01 0.000000e+00
82 8.383593e+00 3.773936e+00 2.881808e-01 0.000000e+00
82 8.487280e+00 4.147789e+00 3.199939e-01 0.000000e+00
82 8.893521e+00 3.558075e+00 3.175730e-01 0.000000e+00
82 8.607681e+00 3.679133e+00 2.947316e-01 0.000000e+00
82 8.654728e+00 3.610811e+00 3.117084e-01 0.000000e+00
82 8.967257e+00 3.428207e+00 3.029443e-01 0.000000e+00
82 8.796417e+00 3.250488e+00 3.063232e-01 0.000000e+00
82 8.384769e+00 4.350661e+00 3.119723e-01 0.000000e+00
82 8.284511e+00 2.928249e+00 3.067683e-01 0.000000e+00
82 7.991496e+00 3.673430e+00 3.119899e-01 0.000000e+00
82 8.783316e+00 3.529412e+00 3.262902e-01 0.000000e+00
82 8.478097e+00 3.392220e+00 3.044804e-01 0.000000e+00
82 8.466391e+00 3.763451e+00 2.936631e-01 0.000000e+00
82 8.607013e+00 4.271210e+00 3.117567e-01 0.000000e+00
82 8.645698e+00 3.503702e+00 2.950537e-01 0.000000e+00
82 8.454364e+00 3.944709e+00 3.018839e-01 0.000000e+00
82 8.156609e+00 3.826084e+00 3.175705e-01 0.000000e+00
82 8.760499e+00 3.640889e+00 3.159130e-01 0.000000e+00
82 8.778582e+00 3.690687e+00 2.976107e-01 0.000000e+00
82 8.141967e+00 3.583416e+00 3.134704e-01 0.000000e+00
82 8.344569e+00 3.585107e+00 3.108880e-01 0.000000e+00
82 8.488594e+00 3.646377e+00 3.019790e-01 0.000000e+00
82 8.544879e+00 3.691726e+00 3.097600e-01 0.000000e+00
82 8.317265e+00 3.595453e+00 3.174406e-01 0.000000e+00
82 8.693719e+00 3.432714e+00 2.914074e-01 0.000000e+00
82 8.773254e+00 3.622034e+00 2.936551e-01 0.000000e+00
82 8.843377e+00 3.849083e+00 3.067005e-01 0.000000e+00
82 8.030376e+00 3.719996e+00 3.136105e-01 0.000000e+00
82 8.345876e+00 3.228824e+00 3.166147e-01 0.000000e+00
82 8.303416e+00 3.364399e+00 2.930882e-01 0.000000e+00
82 7.863293e+00 3.840880e+00 3.207905e-01 0.000000e+00
82 8.913862e+00 4.013148e+00 2.942453e-01 0.000000e+00
82 8.544568e+00 3.241099e+00 3.104801e-01 0.000000e+00
82 8.611404e+00 3.460865e+00 3.076473e-01 0.000000e+00
82 8.378660e+00 3.254015e+00 2.937919e-01 0.000000e+00
82 8.558441e+00 3.805759e+00 3.137042e-01 0.000000e+00
82 8.406461e+00 3.074396e+00 3.085489e-01 0.000000e+00
82 8.711175e+00 3.765653e+00 3.023415e-01 0.000000e+00
82 8.590951e+00 4.062162e+00 3.066832e-01 0.000000e+00
82 8.893353e+00 3.512747e+00 3.056476e-01 0.000000e+00
82 8.849963e+00 3.349082e+00 3.045472e-01 0.000000e+00
82 8.418662e+00 3.640378e+00 3.081894e-01 0.000000e+00
82 8.554452e+00 3.699192e+00 3.170285e-01 0.000000e+00
82 8.640163e+00 3.303433e+00 3.199451e-01 0.000000e+00
82 8.880949e+00 3.697983e+00 3.343082e-01 0.000000e+00
82 8.706224e+00 3.912770e+00 3.105649e-01 0.000000e+00
82 9.125331e+00 4.230672e+00 2.801845e-01 0.000000e+00
82 8.540742e+00 4.321339e+00 3.086689e-01 0.000000e+00
82 8.381609e+00 3.977386e+00 3.250010e-01 0.000000e+00
82 8.495059e+00 3.371563e+00 3.119063e-01 0.000000e+00
82 9.110669e+00 3.964147e+00 2.915806e-01 0.000000e+00
##
82 8.88942 4.22422 0.308686 0.000000e+00
82 8.599960e+00 3.696377e+00 3.158012e-01 0.000000e+00
82 8.936087e+00 4.157694e+00 3.295996e-01 0.000000e+00
82 8.768014e+00 4.079144e+00 3.120701e-01 0.000000e+00
82 9.232294e+00 3.980581e+00 3.014813e-01 0.000000e+00
82 9.161028e+00 3.917890e+00 3.214371e-01 0.000000e+00
82 8.645253e+00 3.787112e+00 2.882000e-01 0.000000e+00
82 8.124295e+00 3.862464e+00 3.088565e-01 0.000000e+00
82 8.657618e+00 3.963530e+00 3.076155e-01 0.000000e+00
82 8.922055e+00 3.815098e+00 3.169353e-01 0.000000e+00
82 9.039079e+00 4.439626e+00 3.050005e-01 0.000000e+00
82 8.701224e+00 4.260704e+00 3.150785e-01 0.000000e+00
82 9.289462e+00 3.933400e+00 2.952101e-01 0.000000e+00
82 8.939949e+00 4.364194e+00 3.070420e-01 0.000000e+00
82 8.784717e+00 4.520914e+00 3.042968e-01 0.000000e+00
82 8.947686e+00 4.015861e+00 3.052003e-01 0.000000e+00
82 8.743917e+00 3.722498e+00 3.193999e-01 0.000000e+00
82 8.447107e+00 4.258076e+00 2.950972e-01 0.000000e+00
82 8.634481e+00 4.066556e+00 3.225346e-01 0.000000e+00
82 9.396876e+00 3.970363e+00 2.884165e-01 0.000000e+00
82 9.096392e+00 4.173614e+00 3.195203e-01 0.000000e+00
82 8.921761e+00 3.659671e+00 3.139262e-01 0.000000e+00
82 8.495288e+00 4.301235e+00 3.041738e-01 0.000000e+00
82 8.891797e+00 3.953281e+00 2.978696e-01 0.000000e+00
82 8.885551e+00 4.242766e+00 3.093113e-01 0.000000e+00
82 8.595722e+00 3.994201e+00 3.076854e-01 0.000000e+00
82 8.931658e+00 3.971579e+00 3.193745e-01 0.000000e+00
82 9.268528e+00 4.417241e+00 3.128586e-01 0.000000e+00
82 8.965788e+00 4.057009e+00 3.182589e-01 0.000000e+00
82 8.943708e+00 3.463203e+00 3.060913e-01 0.000000e+00
82 9.205026e+00 3.796363e+00 3.284006e-01 0.000000e+00
82 9.223277e+00 4.031725e+00 3.071352e-01 0.000000e+00
82 9.158750e+00 4.422528e+00 3.034061e-01 0.000000e+00
82 8.069033e+00 3.939604e+00 3.042331e-01 0.000000e+00
82 8.751948e+00 4.293474e+00 2.959407e-01 0.000000e+00
82 9.406936e+00 4.166284e+00 3.139673e-01 0.000000e+00
82 9.091619e+00 3.741296e+00 3.013098e-01 0.000000e+00
82 8.884864e+00 3.722244e+00 3.175304e-01 0.000000e+00
82 8.810990e+00 3.911712e+00 3.038584e-01 0.000000e+00
82 9.287037e+00 3.917710e+00 3.056132e-01 0.000000e+00
82 9.285332e+00 4.228183e+00 2.918007e-01 0.000000e+00
82 9.090227e+00 4.415603e+00 3.173236e-01 0.000000e+00
82 8.947063e+00 4.516028e+00 3.099298e-01 0.000000e+00
82 8.617628e+00 4.234407e+00 3.068718e-01 0.000000e+00
82 8.366032e+00 4.760089e+00 2.888266e-01 0.000000e+00
82 9.098982e+00 4.259048e+00 2.979479e-01 0.000000e+00
82 8.285936e+00 3.972362e+00 3.200932e-01 0.000000e+00
82 8.622806e+00 3.939117e+00 3.174036e-01 0.000000e+00
82 9.537685e+00 3.697034e+00 3.114561e-01 0.000000e+00
82 8.776016e+00 4.116202e+00 2.871024e-01 0.000000e+00
82 8.879703e+00 4.490056e+00 3.189155e-01 0.000000e+00
82 9.285943e+00 3.900341e+00 3.164946e-01 0.000000e+00
82 9.000104e+00 4.021399e+00 2.936532e-01 0.000000e+00
82 9.047151e+00 3.953077e+00 3.106300e-01 0.000000e+00
82 9.359679e+00 3.770474e+00 3.018659e-01 0.000000e+00
82 9.188840e+00 3.592755e+00 3.052448e-01 0.000000e+00
82 8.777191e+00 4.692927e+00 3.108939e-01 0.000000e+00
82 8.676934e+00 3.270516e+00 3.056899e-01 0.000000e+00
82 8.383919e+00 4.015696e+00 3.109115e-01 0.000000e+00
82 9.175739e+00 3.871678e+00 3.252118e-01 0.000000e+00
82 8.870520e+00 3.734486e+00 3.034020e-01 0.000000e+00
82 8.858813e+00 4.105717e+00 2.925847e-01 0.000000e+00
82 8.999436e+00 4.613476e+00 3.106783e-01 0.000000e+00
82 9.038121e+00 3.845968e+00 2.939752e-01 0.000000e+00
82 8.846787e+00 4.286975e+00 3.008055e-01 0.000000e+00
82 8.549032e+00 4.168350e+00 3.164921e-01 0.000000e+00
82 9.152922e+00 3.983155e+00 3.148346e-01 0.000000e+00
82 9.171005e+00 4.032953e+00 2.965323e-01 0.000000e+00
82 8.534390e+00 3.925682e+00 3.123920e-01 0.000000e+00
82 8.736991e+00 3.927373e+00 3.098096e-01 0.000000e+00
82 8.881017e+00 3.988643e+00 3.009006e-01 0.000000e+00
82 8.937302e+00 4.033993e+00 3.086816e-01 0.000000e+00
82 8.709688e+00 3.937719e+00 3.163622e-01 0.000000e+00
82 9.086142e+00 3.774980e+00 2.903290e-01 0.000000e+00
82 9.165677e+00 3.964300e+00 2.925767e-01 0.000000e+00
82 9.235800e+00 4.191349e+00 3.056221e-01 0.000000e+00
82 8.422799e+00 4.062262e+00 3.125321e-01 0.000000e+00
82 8.738299e+00 3.571091e+00 3.155362e-01 0.000000e+00
82 8.695839e+00 3.706666e+00 2.920098e-01 0.000000e+00
82 8.255716e+00 4.183146e+00 3.197121e-01 0.000000e+00
82 9.306285e+00 4.355414e+00 2.931669e-01 0.000000e+00
82 8.936991e+00 3.583365e+00 3.094017e-01 0.000000e+00
82 9.003827e+00 3.803131e+00 3.065689e-01 0.000000e+00
82 8.771083e+00 3.596281e+00 2.927135e-01 0.000000e+00
82 8.950864e+00 4.148026e+00 3.126258e-01 0.000000e+00
82 8.798884e+00 3.416662e+00 3.074705e-01 0.000000e+00
82 9.103598e+00 4.107919e+00 3.012631e-01 0.000000e+00
82 8.983374e+00 4.404428e+00 3.056048e-01 0.000000e+00
82 9.285776e+00 3.855014e+00 3.045692e-01 0.000000e+00
82 9.242386e+00 3.691349e+00 3.034688e-01 0.000000e+00
82 8.811085e+00 3.982644e+00 3.071110e-01 0.000000e+00
82 8.946874e+00 4.041458e+00 3.159501e-01 0.000000e+00
82 9.032586e+00 3.645699e+00 3.188667e-01 0.000000e+00
82 9.273372e+00 4.040250e+00 3.332298e-01 0.000000e+00
82 9.098647e+00 4.255037e+00 3.094865e-01 0.000000e+00
82 9.517753e+00 4.572939e+00 2.791061e-01 0.000000e+00
82 8.933165e+00 4.663605e+00 3.075905e-01 0.000000e+00
82 8.774032e+00 4.319652e+00 3.239226e-01 0.000000e+00
82 8.887482e+00 3.713829e+00 3.108279e-01 0.000000e+00
82 9.503092e+00 4.306413e+00 2.905022e-01 0.000000e+00
##
82 9.29183 4.56907 0.30726 0.000000e+00
82 9.002370e+00 4.041227e+00 3.143755e-01 0.000000e+00
82 9.338497e+00 4.502543e+00 3.281739e-01 0.000000e+00
82 9.170424e+00 4.423993e+00 3.106444e-01 0.000000e+00
82 9.634704e+00 4.325431e+00 3.000556e-01 0.000000e+00
82 9.563438e+00 4.262739e+00 3.200114e-01 0.000000e+00
82 9.047662e+00 4.131962e+00 2.867743e-01 0.000000e+00
82 8.526705e+00 4.207314e+00 3.074308e-01 0.000000e+00
82 9.060028e+00 4.308379e+00 3.061898e-01 0.000000e+00
82 9.324465e+00 4.159947e+00 3.155096e-01 0.000000e+00
82 9.441489e+00 4.784476e+00 3.035748e-01 0.000000e+00
82 9.103633e+00 4.605554e+00 3.136528e-01 0.000000e+00
82 9.691872e+00 4.278249e+00 2.937844e-01 0.000000e+00
82 9.342359e+00 4.709044e+00 3.056163e-01 0.000000e+00
82 9.187127e+00 4.865763e+00 3.028711e-01 0.000000e+00
82 9.350096e+00 4.360711e+00 3.037746e-01 0.000000e+00
82 9.146327e+00 4.067347e+00 3.179742e-01 0.000000e+00
82 8.849517e+00 4.602925e+00 2.936715e-01 0.000000e+00
82 9.036890e+00 4.411405e+00 3.211089e-01 0.000000e+00
82 9.799286e+00 4.315212e+00 2.869907e-01 0.000000e+00
82 9.498802e+00 4.518464e+00 3.180946e-01 0.000000e+00
82 9.324171e+00 4.004521e+00 3.125005e-01 0.000000e+00
82 8.897698e+00 4.646085e+00 3.027481e-01 0.000000e+00
82 9.294207e+00 4.298131e+00 2.964439e-01 0.000000e+00
82 9.287961e+00 4.587616e+00 3.078856e-01 0.000000e+00
82 8.998132e+00 4.339050e+00 3.062597e-01 0.000000e+00
82 9.334068e+00 4.316429e+00 3.179488e-01 0.000000e+00
82 9.670938e+00 4.762090e+00 3.114329e-01 0.000000e+00
82 9.368198e+00 4.401859e+00 3.168332e-01 0.000000e+00
82 9.346118e+00 3.808052e+00 3.046656e-01 0.000000e+00
82 9.607436e+00 4.141213e+00 3.269749e-01 0.000000e+00
82 9.625687e+00 4.376574e+00 3.057095e-01 0.000000e+00
82 9.561159e+00 4.767377e+00 3.019803e-01 0.000000e+00
82 8.471443e+00 4.284454e+00 3.028074e-01 0.000000e+00
82 9.154358e+00 4.638323e+00 2.945150e-01 0.000000e+00
82 9.809346e+00 4.511133e+00 3.125416e-01 0.000000e+00
82 9.494029e+00 4.086146e+00 2.998841e-01 0.000000e+00
82 9.287274e+00 4.067093e+00 3.161047e-01 0.000000e+00
82 9.213400e+00 4.256561e+00 3.024327e-01 0.000000e+00
82 9.689447e+00 4.262560e+00 3.041875e-01 0.000000e+00
82 9.687742e+00 4.573033e+00 2.903750e-01 0.000000e+00
82 9.492637e+00 4.760453e+00 3.158979e-01 0.000000e+00
82 9.349473e+00 4.860877e+00 3.085041e-01 0.000000e+00
82 9.020038e+00 4.579257e+00 3.054461e-01 0.000000e+00
82 8.768442e+00 5.104938e+00 2.874009e-01 0.000000e+00
82 9.501392e+00 4.603898e+00 2.965222e-01 0.000000e+00
82 8.688346e+00 4.317211e+00 3.186675e-01 0.000000e+00
82 9.025216e+00 4.283966e+00 3.159779e-01 0.000000e+00
82 9.940095e+00 4.041883e+00 3.100304e-01 0.000000e+00
82 9.178426e+00 4.461051e+00 2.856767e-01 0.000000e+00
82 9.282113e+00 4.834905e+00 3.174898e-01 0.000000e+00
82 9.688353e+00 4.245191e+00 3.150689e-01 0.000000e+00
82 9.402514e+00 4.366249e+00 2.922275e-01 0.000000e+00
82 9.449561e+00 4.297927e+00 3.092043e-01 0.000000e+00
82 9.762089e+00 4.115323e+00 3.004402e-01 0.000000e+00
82 9.591250e+00 3.937604e+00 3.038191e-01 0.000000e+00
82 9.179601e+00 5.037777e+00 3.094682e-01 0.000000e+00
82 9.079344e+00 3.615365e+00 3.042642e-01 0.000000e+00
82 8.786329e+00 4.360546e+00 3.094858e-01 0.000000e+00
82 9.578149e+00 4.216527e+00 3.237861e-01 0.000000e+00
82 9.272930e+00 4.079336e+00 3.019763e-01 0.000000e+00
82 9.261223e+00 4.450567e+00 2.911590e-01 0.000000e+00
82 9.401846e+00 4.958326e+00 3.092526e-01 0.000000e+00
82 9.440531e+00 4.190817e+00 2.925495e-01 0.000000e+00
82 9.249197e+00 4.631825e+00 2.993798e-01 0.000000e+00
82 8.951442e+00 4.513200e+00 3.150664e-01 0.000000e+00
82 9.555332e+00 4.328004e+00 3.134089e-01 0.000000e+00
82 9.573415e+00 4.377803e+00 2.951066e-01 0.000000e+00
82 8.936800e+00 4.270531e+00 3.109663e-01 0.000000e+00
82 9.139401e+00 4.272222e+00 3.083839e-01 0.000000e+00
82 9.283427e+00 4.333492e+00 2.994749e-01 0.000000e+00
82 9.339712e+00 4.378842e+00 3.072559e-01 0.000000e+00
82 9.112098e+00 4.282569e+00 3.149365e-01 0.000000e+00
82 9.488552e+00 4.119830e+00 2.889033e-01 0.000000e+00
82 9.568087e+00 4.309150e+00 2.911510e-01 0.000000e+00
82 9.638210e+00 4.536198e+00 3.041964e-01 0.000000e+00
82 8.825209e+00 4.407111e+00 3.111064e-01 0.000000e+00
82 9.140709e+00 3.915940e+00 3.141105e-01 0.000000e+00
82 9.098248e+00 4.051515e+00 2.905841e-01 0.000000e+00
82 8.658126e+00 4.527995e+00 3.182864e-01 0.000000e+00
82 9.708695e+00 4.700263e+00 2.917412e-01 0.000000e+00
82 9.339400e+00 3.928215e+00 3.079760e-01 0.000000e+00
82 9.406237e+00 4.147981e+00 3.051432e-01 0.000000e+00
82 9.173493e+00 3.941131e+00 2.912878e-01 0.000000e+00
82 9.353274e+00 4.492875e+00 3.112001e-01 0.000000e+00
82 9.201294e+00 3.761512e+00 3.060448e-01 0.000000e+00
82 9.506008e+00 4.452768e+00 2.998374e-01 0.000000e+00
82 9.385784e+00 4.749277e+00 3.041791e-01 0.000000e+00
82 9.688186e+00 4.199863e+00 3.031435e-01 0.000000e+00
82 9.644795e+00 4.036198e+00 3.020431e-01 0.000000e+00
82 9.213495e+00 4.327494e+00 3.056853e-01 0.000000e+00
82 9.349284e+00 4.386308e+00 3.145244e-01 0.000000e+00
82 9.434996e+00 3.990549e+00 3.174410e-01 0.000000e+00
82 9.675782e+00 4.385099e+00 3.318041e-01 0.000000e+00
82 9.501056e+00 4.599886e+00 3.080608e-01 0.000000e+00
82 9.920163e+00 4.917788e+00 2.776804e-01 0.000000e+00
82 9.335574e+00 5.008455e+00 3.061648e-01 0.000000e+00
82 9.176442e+00 4.664501e+00 3.224969e-01 0.000000e+00
82 9.289892e+00 4.058678e+00 3.094022e-01 0.000000e+00
82 9.905502e+00 4.651263e+00 2.890765e-01 0.000000e+00
##
82 9.70453 4.91738 0.309443 0.000000e+00
82 9.415075e+00 4.389537e+00 3.165584e-01 0.000000e+00
82 9.751202e+00 4.850853e+00 3.303568e-01 0.000000e+00
82 9.583129e+00 4.772303e+00 3.128273e-01 0.000000e+00
82 1.004741e+01 4.673741e+00 3.022385e-01 0.000000e+00
82 9.976143e+00 4.611049e+00 3.221943e-01 0.000000e+00
82 9.460368e+00 4.480272e+00 2.889572e-01 0.000000e+00
82 8.939411e+00 4.555624e+00 3.096137e-01 0.000000e+00
82 9.472733e+00 4.656689e+00 3.083727e-01 0.000000e+00
82 9.737170e+00 4.508257e+00 3.176925e-01 0.000000e+00
82 9.854194e+00 5.132785e+00 3.057577e-01 0.000000e+00
82 9.516339e+00 4.953864e+00 3.158357e-01 0.000000e+00
82 1.010458e+01 4.626559e+00 2.959673e-01 0.000000e+00
82 9.755065e+00 5.057354e+00 3.077992e-01 0.000000e+00
82 9.599833e+00 5.214073e+00 3.050540e-01 0.000000e+00
82 9.762802e+00 4.709021e+00 3.059575e-01 0.000000e+00
82 9.559032e+00 4.415657e+00 3.201571e-01 0.000000e+00
82 9.262222e+00 4.951235e+00 2.958544e-01 0.000000e+00
82 9.449596e+00 4.759715e+00 3.232918e-01 0.000000e+00
82 1.021199e+01 4.663522e+00 2.891736e-01 0.000000e+00
82 9.911507e+00 4.866774e+00 3.202775e-01 0.000000e+00
82 9.736876e+00 4.352831e+00 3.146834e-01 0.000000e+00
82 9.310404e+00 4.994395e+00 3.049310e-01 0.000000e+00
82 9.706912e+00 4.646441e+00 2.986268e-01 0.000000e+00
82 9.700666e+00 4.935926e+00 3.100685e-01 0.000000e+00
82 9.410837e+00 4.687360e+00 3.084426e-01 0.000000e+00
82 9.746774e+00 4.664739e+00 3.201317e-01 0.000000e+00
82 1.008364e+01 5.110400e+00 3.136158e-01 0.000000e+00
82 9.780903e+00 4.750168e+00 3.190161e-01 0.000000e+00
82 9.758823e+00 4.156362e+00 3.068485e-01 0.000000e+00
82 1.002014e+01 4.489523e+00 3.291578e-01 0.000000e+00
82 1.003839e+01 4.724884e+00 3.078924e-01 0.000000e+00
82 9.973865e+00 5.115687e+00 3.041632e-01 0.000000e+00
82 8.884148e+00 4.632764e+00 3.049903e-01 0.000000e+00
82 9.567064e+00 4.986633e+00 2.966979e-01 0.000000e+00
82 1.022205e+01 4.859443e+00 3.147245e-01 0.000000e+00
82 9.906734e+00 4.434456e+00 3.020670e-01 0.000000e+00
82 9.699979e+00 4.415403e+00 3.182876e-01 0.000000e+00
82 9.626105e+00 4.604871e+00 3.046156e-01 0.000000e+00
82 1.010215e+01 4.610870e+00 3.063704e-01 0.000000e+00
82 1.010045e+01 4.921342e+00 2.925579e-01 0.000000e+00
82 9.905342e+00 5.108763e+00 3.180808e-01 0.000000e+00
82 9.762178e+00 5.209187e+00 3.106870e-01 0.000000e+00
82 9.432743e+00 4.927566e+00 3.076290e-01 0.000000e+00
82 9.181147e+00 5.453248e+00 2.895838e-01 0.000000e+00
82 9.914098e+00 4.952208e+00 2.987051e-01 0.000000e+00
82 9.101052e+00 4.665521e+00 3.208504e-01 0.000000e+00
82 9.437921e+00 4.632276e+00 3.181608e-01 0.000000e+00
82 1.035280e+01 4.390193e+00 3.122133e-01 0.000000e+00
82 9.591131e+00 4.809361e+00 2.878596e-01 0.000000e+00
82 9.694819e+00 5.183215e+00 3.196727e-01 0.000000e+00
82 1.010106e+01 4.593501e+00 3.172518e-01 0.000000e+00
82 9.815219e+00 4.714558e+00 2.944104e-01 0.000000e+00
82 9.862266e+00 4.646237e+00 3.113872e-01 0.000000e+00
82 1.017479e+01 4.463633e+00 3.026231e-01 0.000000e+00
82 1.000395e+01 4.285914e+00 3.060020e-01 0.000000e+00
82 9.592307e+00 5.386087e+00 3.116511e-01 0.000000e+00
82 9.492049e+00 3.963675e+00 3.064471e-01 0.000000e+00
82 9.199034e+00 4.708856e+00 3.116687e-01 0.000000e+00
82 9.990854e+00 4.564837e+00 3.259690e-01 0.000000e+00
82 9.685635e+00 4.427645e+00 3.041592e-01 0.000000e+00
82 9.673929e+00 4.798877e+00 2.933419e-01 0.000000e+00
82 9.814551e+00 5.306636e+00 3.114354e-01 0.000000e+00
82 9.853236e+00 4.539127e+00 2.947324e-01 0.000000e+00
82 9.661902e+00 4.980135e+00 3.015627e-01 0.000000e+00
82 9.364147e+00 4.861510e+00 3.172493e-01 0.000000e+00
82 9.968037e+00 4.676314e+00 3.155918e-01 0.000000e+00
82 9.986120e+00 4.726113e+00 2.972895e-01 0.000000e+00
82 9.349505e+00 4.618841e+00 3.131492e-01 0.000000e+00
82 9.552107e+00 4.620532e+00 3.105668e-01 0.000000e+00
82 9.696132e+00 4.681802e+00 3.016578e-01 0.000000e+00
82 9.752417e+00 4.727152e+00 3.094388e-01 0.000000e+00
82 9.524803e+00 4.630879e+00 3.171194e-01 0.000000e+00
82 9.901257e+00 4.468139e+00 2.910861e-01 0.000000e+00
82 9.980792e+00 4.657460e+00 2.933339e-01 0.000000e+00
82 1.005092e+01 4.884508e+00 3.063793e-01 0.000000e+00
82 9.237914e+00 4.755421e+00 3.132893e-01 0.000000e+00
82 9.553414e+00 4.264250e+00 3.162934e-01 0.000000e+00
82 9.510954e+00 4.399825e+00 2.927670e-01 0.000000e+00
82 9.070831e+00 4.876305e+00 3.204693e-01 0.000000e+00
82 1.012140e+01 5.048573e+00 2.939241e-01 0.000000e+00
82 9.752106e+00 4.276525e+00 3.101589e-01 0.000000e+00
82 9.818942e+00 4.496291e+00 3.073261e-01 0.000000e+00
82 9.586198e+00 4.289441e+00 2.934707e-01 0.000000e+00
82 9.765979e+00 4.841185e+00 3.133830e-01 0.000000e+00
82 9.613999e+00 4.109822e+00 3.082277e-01 0.000000e+00
82 9.918713e+00 4.801078e+00 3.020203e-01 0.000000e+00
82 9.798489e+00 5.097587e+00 3.063620e-01 0.000000e+00
82 1.010089e+01 4.548173e+00 3.053264e-01 0.000000e+00
82 1.005750e+01 4.384508e+00 3.042260e-01 0.000000e+00
82 9.626200e+00 4.675803e+00 3.078682e-01 0.000000e+00
82 9.761990e+00 4.734618e+00 3.167073e-01 0.000000e+00
82 9.847701e+00 4.338859e+00 3.196239e-01 0.000000e+00
82 1.008849e+01 4.733409e+00 3.339870e-01 0.000000e+00
82 9.913762e+00 4.948196e+00 3.102437e-01 0.000000e+00
82 1.033287e+01 5.266098e+00 2.798633e-01 0.000000e+00
82 9.748280e+00 5.356765e+00 3.083477e-01 0.000000e+00
82 9.589147e+00 5.012811e+00 3.246798e-01 0.000000e+00
82 9.702597e+00 4.406988e+00 3.115851e-01 0.000000e+00
82 1.031821e+01 4.999573e+00 2.912594e-01 0.000000e+00
##
